perd20A;
2015;01;07;10;44;02;
L 01;13.5;18.5;28.0;28.0;28.0;28.0;28.0;25.8;25.9;25.6;27.7;25.4;17.4;17.6;17.4;17.0;19.2;20.4;22.1;20.9;19.8;16.3;14.9;17.4;;
M 02;13.7;17.0;25.9;27.4;27.8;28.0;28.0;25.6;24.6;22.6;25.1;22.6;13.0;13.2;10.3;12.6;14.8;16.0;18.3;15.8;15.0;9.2;14.5;10.6;;
X 03;13.4;16.8;25.6;27.7;28.0;28.0;28.0;25.8;24.8;22.4;24.8;22.3;12.8;12.9;10.0;12.3;14.4;15.9;18.0;15.5;14.8;9.1;7.2;10.6;;
J 04;14.4;18.4;26.3;28.0;28.0;28.0;28.0;25.4;25.0;22.8;25.5;23.0;13.4;13.4;10.8;13.1;15.3;16.5;18.7;15.8;18.0;12.2;10.8;15.7;;
V 05;21.5;26.4;28.0;28.0;28.0;28.0;28.0;28.0;28.0;27.9;28.0;26.9;18.5;18.5;15.6;18.4;20.7;22.0;23.3;19.7;21.6;16.5;16.7;15.4;;
S 06;0.0;0.0;0.2;6.7;10.4;12.6;15.5;14.1;21.3;21.7;17.5;16.5;9.2;12.6;12.1;10.2;11.4;16.0;20.1;18.7;14.5;10.3;9.4;7.9;;
D 07;3.0;3.2;7.9;15.2;18.6;19.7;21.9;19.2;25.7;26.8;23.1;22.0;14.0;17.4;16.3;14.0;15.7;20.4;23.3;21.9;17.6;13.6;13.3;11.2;;
L 08;2.5;1.7;3.6;10.7;14.6;16.1;18.2;16.3;24.4;24.1;19.2;18.2;10.6;13.6;12.8;11.0;12.4;17.2;20.6;19.2;15.0;11.0;11.3;9.8;;
M 09;13.7;17.0;25.9;27.4;27.8;28.0;28.0;25.6;24.6;22.6;25.1;22.6;13.0;13.2;10.3;12.6;14.8;16.0;18.3;15.8;15.0;9.2;14.5;10.6;;
X 10;13.4;16.8;25.6;27.7;28.0;28.0;28.0;25.8;24.8;22.4;24.8;22.3;12.8;12.9;10.0;12.3;14.4;15.9;18.0;15.5;14.8;9.1;7.2;10.6;;
J 11;14.4;18.4;26.3;28.0;28.0;28.0;28.0;25.4;25.0;22.8;25.5;23.0;13.4;13.4;10.8;13.1;15.3;16.5;18.7;15.8;18.0;12.2;10.8;15.7;;
V 12;21.5;26.4;28.0;28.0;28.0;28.0;28.0;28.0;28.0;27.9;28.0;26.9;18.5;18.5;15.6;18.4;20.7;22.0;23.3;19.7;21.6;16.5;16.7;15.4;;
S 13;5.4;9.6;14.0;15.2;18.4;22.1;24.2;25.6;28.0;28.0;28.0;26.9;22.1;21.2;16.7;16.6;19.2;20.7;18.1;14.8;15.2;14.1;15.6;11.3;;
D 14;3.0;3.2;7.9;15.2;18.6;19.7;21.9;19.2;25.7;26.8;23.1;22.0;14.0;17.4;16.3;14.0;15.7;20.4;23.3;21.9;17.6;13.6;13.3;11.2;;
L 15;13.5;18.5;28.0;28.0;28.0;28.0;28.0;25.8;25.9;25.6;27.7;25.4;17.4;17.6;17.4;17.0;19.2;20.4;22.1;20.9;19.8;16.3;14.9;17.4;;
M 16;13.7;17.0;25.9;27.4;27.8;28.0;28.0;25.6;24.6;22.6;25.1;22.6;13.0;13.2;10.3;12.6;14.8;16.0;18.3;15.8;15.0;9.2;14.5;10.6;;
X 17;13.4;16.8;25.6;27.7;28.0;28.0;28.0;25.8;24.8;22.4;24.8;22.3;12.8;12.9;10.0;12.3;14.4;15.9;18.0;15.5;14.8;9.1;7.2;10.6;;
J 18;14.4;18.4;26.3;28.0;28.0;28.0;28.0;25.4;25.0;22.8;25.5;23.0;13.4;13.4;10.8;13.1;15.3;16.5;18.7;15.8;18.0;12.2;10.8;15.7;;
V 19;21.5;26.4;28.0;28.0;28.0;28.0;28.0;28.0;28.0;27.9;28.0;26.9;18.5;18.5;15.6;18.4;20.7;22.0;23.3;19.7;21.6;16.5;16.7;15.4;;
S 20;5.4;9.6;14.0;15.2;18.4;22.1;24.2;25.6;28.0;28.0;28.0;26.9;22.1;21.2;16.7;16.6;19.2;20.7;18.1;14.8;15.2;14.1;15.6;11.3;;
D 21;3.0;3.2;7.9;15.2;18.6;19.7;21.9;19.2;25.7;26.8;23.1;22.0;14.0;17.4;16.3;14.0;15.7;20.4;23.3;21.9;17.6;13.6;13.3;11.2;;
L 22;13.5;18.5;28.0;28.0;28.0;28.0;28.0;25.8;25.9;25.6;27.7;25.4;17.4;17.6;17.4;17.0;19.2;20.4;22.1;20.9;19.8;16.3;14.9;17.4;;
M 23;13.7;17.0;25.9;27.4;27.8;28.0;28.0;25.6;24.6;22.6;25.1;22.6;13.0;13.2;10.3;12.6;14.8;16.0;18.3;15.8;15.0;9.2;14.5;10.6;;
X 24;13.4;16.8;25.6;27.7;28.0;28.0;28.0;25.8;24.8;22.4;24.8;22.3;12.8;12.9;10.0;12.3;14.4;15.9;18.0;15.5;14.8;9.1;7.2;10.6;;
J 25;19.1;22.8;28.0;28.0;28.0;28.0;28.0;28.0;28.0;28.0;28.0;28.0;28.0;28.0;28.0;25.6;27.0;28.0;28.0;28.0;25.8;23.1;23.1;23.6;;
V 26;21.5;26.4;28.0;28.0;28.0;28.0;28.0;28.0;28.0;27.9;28.0;26.9;18.5;18.5;15.6;18.4;20.7;22.0;23.3;19.7;21.6;16.5;16.7;15.4;;
S 27;5.4;9.6;14.0;15.2;18.4;22.1;24.2;25.6;28.0;28.0;28.0;26.9;22.1;21.2;16.7;16.6;19.2;20.7;18.1;14.8;15.2;14.1;15.6;11.3;;
D 28;3.0;3.2;7.9;15.2;18.6;19.7;21.9;19.2;25.7;26.8;23.1;22.0;14.0;17.4;16.3;14.0;15.7;20.4;23.3;21.9;17.6;13.6;13.3;11.2;;
L 29;13.5;18.5;28.0;28.0;28.0;28.0;28.0;25.8;25.9;25.6;27.7;25.4;17.4;17.6;17.4;17.0;19.2;20.4;22.1;20.9;19.8;16.3;14.9;17.4;;
M 30;13.7;17.0;25.9;27.4;27.8;28.0;28.0;25.6;24.6;22.6;25.1;22.6;13.0;13.2;10.3;12.6;14.8;16.0;18.3;15.8;15.0;9.2;14.5;10.6;;
X 31;13.4;16.8;25.6;27.7;28.0;28.0;28.0;25.8;24.8;22.4;24.8;22.3;12.8;12.9;10.0;12.3;14.4;15.9;18.0;15.5;14.8;9.1;7.2;10.6;;
*
