perdg61A;
2015;10;08;13;08;16;
M 01;4.7;6.6;7.8;9.4;10.8;10.8;10.2;8.0;5.7;6.4;6.7;8.0;8.2;8.3;7.6;4.9;5.0;5.2;5.7;5.9;7.9;9.0;4.9;3.8;;
X 02;5.2;7.1;8.2;9.7;10.8;10.8;10.5;8.1;5.9;6.6;7.0;8.3;8.5;8.7;8.1;5.4;5.5;5.7;6.0;6.0;7.5;9.2;5.2;4.4;;
J 03;5.1;7.0;8.1;9.7;10.8;10.8;10.5;8.1;5.8;6.5;6.8;8.1;8.2;8.4;7.8;5.1;5.1;5.3;5.7;5.8;7.5;9.1;5.1;4.3;;
V 04;4.4;6.9;8.1;10.3;10.8;10.8;10.8;7.7;5.8;6.8;7.3;8.7;8.9;8.9;8.4;5.5;5.5;5.5;5.8;5.8;7.0;8.0;4.1;1.7;;
S 05;0.1;0.0;1.4;5.4;5.7;5.4;6.2;6.3;9.1;9.3;8.4;9.0;8.5;8.2;8.3;4.9;4.8;4.2;5.7;5.6;5.5;4.8;2.6;1.0;;
D 06;0.0;0.0;3.1;3.1;3.4;3.9;8.2;9.0;9.1;8.9;6.4;7.6;8.0;8.9;9.0;6.7;6.9;6.7;7.3;7.5;7.8;7.2;2.6;0.9;;
L 07;3.5;6.6;10.8;10.8;10.8;10.8;10.8;8.3;4.9;5.7;6.1;7.5;7.6;7.8;7.5;4.9;4.9;5.0;5.4;5.6;7.4;8.7;4.7;3.8;;
M 08;4.7;6.6;7.8;9.4;10.8;10.8;10.2;8.0;5.7;6.4;6.7;8.0;8.2;8.3;7.6;4.9;5.0;5.2;5.7;5.9;7.9;9.0;4.9;3.8;;
X 09;5.2;7.1;8.2;9.7;10.8;10.8;10.5;8.1;5.9;6.6;7.0;8.3;8.5;8.7;8.1;5.4;5.5;5.7;6.0;6.0;7.5;9.2;5.2;4.4;;
J 10;5.1;7.0;8.1;9.7;10.8;10.8;10.5;8.1;5.8;6.5;6.8;8.1;8.2;8.4;7.8;5.1;5.1;5.3;5.7;5.8;7.5;9.1;5.1;4.3;;
V 11;4.4;6.9;8.1;10.3;10.8;10.8;10.8;7.7;5.8;6.8;7.3;8.7;8.9;8.9;8.4;5.5;5.5;5.5;5.8;5.8;7.0;8.0;4.1;1.7;;
S 12;0.1;0.0;1.4;5.4;5.7;5.4;6.2;6.3;9.1;9.3;8.4;9.0;8.5;8.2;8.3;4.9;4.8;4.2;5.7;5.6;5.5;4.8;2.6;1.0;;
D 13;0.0;0.0;3.1;3.1;3.4;3.9;8.2;9.0;9.1;8.9;6.4;7.6;8.0;8.9;9.0;6.7;6.9;6.7;7.3;7.5;7.8;7.2;2.6;0.9;;
L 14;3.5;6.6;10.8;10.8;10.8;10.8;10.8;8.3;4.9;5.7;6.1;7.5;7.6;7.8;7.5;4.9;4.9;5.0;5.4;5.6;7.4;8.7;4.7;3.8;;
M 15;4.7;6.6;7.8;9.4;10.8;10.8;10.2;8.0;5.7;6.4;6.7;8.0;8.2;8.3;7.6;4.9;5.0;5.2;5.7;5.9;7.9;9.0;4.9;3.8;;
X 16;5.2;7.1;8.2;9.7;10.8;10.8;10.5;8.1;5.9;6.6;7.0;8.3;8.5;8.7;8.1;5.4;5.5;5.7;6.0;6.0;7.5;9.2;5.2;4.4;;
J 17;5.1;7.0;8.1;9.7;10.8;10.8;10.5;8.1;5.8;6.5;6.8;8.1;8.2;8.4;7.8;5.1;5.1;5.3;5.7;5.8;7.5;9.1;5.1;4.3;;
V 18;4.4;6.9;8.1;10.3;10.8;10.8;10.8;7.7;5.8;6.8;7.3;8.7;8.9;8.9;8.4;5.5;5.5;5.5;5.8;5.8;7.0;8.0;4.1;1.7;;
S 19;0.1;0.0;1.4;5.4;5.7;5.4;6.2;6.3;9.1;9.3;8.4;9.0;8.5;8.2;8.3;4.9;4.8;4.2;5.7;5.6;5.5;4.8;2.6;1.0;;
D 20;0.0;0.0;3.1;3.1;3.4;3.9;8.2;9.0;9.1;8.9;6.4;7.6;8.0;8.9;9.0;6.7;6.9;6.7;7.3;7.5;7.8;7.2;2.6;0.9;;
L 21;3.5;6.6;10.8;10.8;10.8;10.8;10.8;8.3;4.9;5.7;6.1;7.5;7.6;7.8;7.5;4.9;4.9;5.0;5.4;5.6;7.4;8.7;4.7;3.8;;
M 22;4.7;6.6;7.8;9.4;10.8;10.8;10.2;8.0;5.7;6.4;6.7;8.0;8.2;8.3;7.6;4.9;5.0;5.2;5.7;5.9;7.9;9.0;4.9;3.8;;
X 23;5.2;7.1;8.2;9.7;10.8;10.8;10.5;8.1;5.9;6.6;7.0;8.3;8.5;8.7;8.1;5.4;5.5;5.7;6.0;6.0;7.5;9.2;5.2;4.4;;
J 24;5.1;7.0;8.1;9.7;10.8;10.8;10.5;8.1;5.8;6.5;6.8;8.1;8.2;8.4;7.8;5.1;5.1;5.3;5.7;5.8;7.5;9.1;5.1;4.3;;
V 25;4.4;6.9;8.1;10.3;10.8;10.8;10.8;7.7;5.8;6.8;7.3;8.7;8.9;8.9;8.4;5.5;5.5;5.5;5.8;5.8;7.0;8.0;4.1;1.7;;
S 26;0.1;0.0;1.4;5.4;5.7;5.4;6.2;6.3;9.1;9.3;8.4;9.0;8.5;8.2;8.3;4.9;4.8;4.2;5.7;5.6;5.5;4.8;2.6;1.0;;
D 27;0.0;0.0;3.1;3.1;3.4;3.9;8.2;9.0;9.1;8.9;6.4;7.6;8.0;8.9;9.0;6.7;6.9;6.7;7.3;7.5;7.8;7.2;2.6;0.9;;
L 28;3.5;6.6;10.8;10.8;10.8;10.8;10.8;8.3;4.9;5.7;6.1;7.5;7.6;7.8;7.5;4.9;4.9;5.0;5.4;5.6;7.4;8.7;4.7;3.8;;
M 29;4.7;6.6;7.8;9.4;10.8;10.8;10.2;8.0;5.7;6.4;6.7;8.0;8.2;8.3;7.6;4.9;5.0;5.2;5.7;5.9;7.9;9.0;4.9;3.8;;
X 30;5.2;7.1;8.2;9.7;10.8;10.8;10.5;8.1;5.9;6.6;7.0;8.3;8.5;8.7;8.1;5.4;5.5;5.7;6.0;6.0;7.5;9.2;5.2;4.4;;
*
