perd31A;
2015;01;21;20;17;02;
X 01;3.0;4.4;5.5;7.2;8.8;8.8;8.6;8.6;8.8;7.4;7.8;8.2;7.9;7.2;5.2;3.7;4.3;5.0;7.1;9.9;12.1;10.1;5.2;3.5;;
J 02;3.3;4.7;5.6;7.2;8.4;8.3;8.5;8.4;9.1;7.8;8.3;8.6;8.2;7.6;5.7;4.2;4.8;5.5;7.6;10.1;11.7;10.1;5.5;4.1;;
V 03;3.6;5.5;6.5;8.4;9.2;9.1;9.2;8.6;9.4;8.0;8.5;9.0;8.6;7.7;6.0;4.1;4.5;4.8;6.2;9.8;11.5;9.4;4.8;1.8;;
S 04;0.8;0.0;0.6;4.0;4.6;4.5;5.0;5.8;8.5;8.9;8.0;7.9;6.8;5.6;5.0;2.3;2.4;2.2;6.4;10.7;10.9;6.3;3.5;1.1;;
D 05;0.0;0.8;1.8;2.0;2.0;2.6;5.1;7.1;8.2;7.9;5.5;6.6;6.0;5.5;5.3;3.8;3.5;3.5;6.8;11.5;12.1;8.3;4.1;1.4;;
L 06;0.3;2.3;6.5;8.5;9.0;9.3;8.8;8.4;7.6;6.1;7.0;7.3;6.9;6.4;4.5;3.1;3.7;4.1;6.4;9.5;12.0;9.2;4.0;2.1;;
M 07;3.1;4.5;5.4;7.0;8.7;8.9;8.8;8.5;8.7;7.3;7.9;8.3;8.0;7.5;5.5;4.0;4.4;5.1;7.2;10.1;11.5;10.0;5.1;3.2;;
X 08;3.0;4.4;5.5;7.2;8.8;8.8;8.6;8.6;8.8;7.4;7.8;8.2;7.9;7.2;5.2;3.7;4.3;5.0;7.1;9.9;12.1;10.1;5.2;3.5;;
J 09;3.3;4.7;5.6;7.2;8.4;8.3;8.5;8.4;9.1;7.8;8.3;8.6;8.2;7.6;5.7;4.2;4.8;5.5;7.6;10.1;11.7;10.1;5.5;4.1;;
V 10;3.6;5.5;6.5;8.4;9.2;9.1;9.2;8.6;9.4;8.0;8.5;9.0;8.6;7.7;6.0;4.1;4.5;4.8;6.2;9.8;11.5;9.4;4.8;1.8;;
S 11;0.8;0.0;0.6;4.0;4.6;4.5;5.0;5.8;8.5;8.9;8.0;7.9;6.8;5.6;5.0;2.3;2.4;2.2;6.4;10.7;10.9;6.3;3.5;1.1;;
D 12;0.0;0.0;0.0;0.0;0.0;0.8;2.6;4.2;5.4;5.3;3.1;3.5;3.2;3.0;2.6;1.2;1.6;1.8;4.6;8.7;8.8;4.6;2.6;1.8;;
L 13;0.3;2.3;6.5;8.5;9.0;9.3;8.8;8.4;7.6;6.1;7.0;7.3;6.9;6.4;4.5;3.1;3.7;4.1;6.4;9.5;12.0;9.2;4.0;2.1;;
M 14;3.1;4.5;5.4;7.0;8.7;8.9;8.8;8.5;8.7;7.3;7.9;8.3;8.0;7.5;5.5;4.0;4.4;5.1;7.2;10.1;11.5;10.0;5.1;3.2;;
X 15;3.0;4.4;5.5;7.2;8.8;8.8;8.6;8.6;8.8;7.4;7.8;8.2;7.9;7.2;5.2;3.7;4.3;5.0;7.1;9.9;12.1;10.1;5.2;3.5;;
J 16;3.3;4.7;5.6;7.2;8.4;8.3;8.5;8.4;9.1;7.8;8.3;8.6;8.2;7.6;5.7;4.2;4.8;5.5;7.6;10.1;11.7;10.1;5.5;4.1;;
V 17;3.6;5.5;6.5;8.4;9.2;9.1;9.2;8.6;9.4;8.0;8.5;9.0;8.6;7.7;6.0;4.1;4.5;4.8;6.2;9.8;11.5;9.4;4.8;1.8;;
S 18;0.8;0.0;0.6;4.0;4.6;4.5;5.0;5.8;8.5;8.9;8.0;7.9;6.8;5.6;5.0;2.3;2.4;2.2;6.4;10.7;10.9;6.3;3.5;1.1;;
D 19;0.0;0.8;1.8;2.0;2.0;2.6;5.1;7.1;8.2;7.9;5.5;6.6;6.0;5.5;5.3;3.8;3.5;3.5;6.8;11.5;12.1;8.3;4.1;1.4;;
L 20;0.3;2.3;6.5;8.5;9.0;9.3;8.8;8.4;7.6;6.1;7.0;7.3;6.9;6.4;4.5;3.1;3.7;4.1;6.4;9.5;12.0;9.2;4.0;2.1;;
M 21;3.1;4.5;5.4;7.0;8.7;8.9;8.8;8.5;8.7;7.3;7.9;8.3;8.0;7.5;5.5;4.0;4.4;5.1;7.2;10.1;11.5;10.0;5.1;3.2;;
X 22;3.0;4.4;5.5;7.2;8.8;8.8;8.6;8.6;8.8;7.4;7.8;8.2;7.9;7.2;5.2;3.7;4.3;5.0;7.1;9.9;12.1;10.1;5.2;3.5;;
J 23;3.3;4.7;5.6;7.2;8.4;8.3;8.5;8.4;9.1;7.8;8.3;8.6;8.2;7.6;5.7;4.2;4.8;5.5;7.6;10.1;11.7;10.1;5.5;4.1;;
V 24;3.6;5.5;6.5;8.4;9.2;9.1;9.2;8.6;9.4;8.0;8.5;9.0;8.6;7.7;6.0;4.1;4.5;4.8;6.2;9.8;11.5;9.4;4.8;1.8;;
S 25;0.8;0.0;0.6;4.0;4.6;4.5;5.0;5.8;8.5;8.9;8.0;7.9;6.8;5.6;5.0;2.3;2.4;2.2;6.4;10.7;10.9;6.3;3.5;1.1;;
D 26;0.0;0.8;1.8;2.0;2.0;2.6;5.1;7.1;8.2;7.9;5.5;6.6;6.0;5.5;5.3;3.8;3.5;3.5;5.1;11.5;12.1;8.3;4.1;1.4;1.1;
L 27;0.3;2.3;6.5;8.5;9.0;9.3;8.8;8.4;7.6;6.1;6.8;7.1;6.7;6.2;4.3;3.0;3.7;4.2;6.6;9.8;12.4;9.5;4.2;2.1;;
M 28;3.1;4.5;5.4;7.0;8.7;8.9;8.8;8.5;8.7;7.3;7.6;8.1;7.8;7.3;5.4;3.9;4.4;5.3;7.4;10.4;11.8;10.3;5.3;3.2;;
X 29;3.0;4.4;5.5;7.2;8.8;8.8;8.6;8.6;8.8;7.4;7.6;8.0;7.7;7.0;5.0;3.6;4.3;5.1;7.3;10.2;12.5;10.4;5.4;3.5;;
J 30;3.3;4.7;5.6;7.2;8.4;8.3;8.5;8.4;9.1;7.8;8.1;8.4;7.9;7.4;5.5;4.0;4.8;5.7;7.8;10.4;12.0;10.4;5.7;4.1;;
V 31;3.6;5.5;6.5;8.4;9.2;9.1;9.2;8.6;9.4;8.0;8.2;8.8;8.4;7.5;5.8;4.0;4.5;5.0;6.4;10.2;11.9;9.7;5.0;1.8;;
*
