perd20D;
2015;01;21;20;16;51;
X 01;6.8;9.9;12.3;16.0;19.5;19.7;19.2;19.1;14.7;12.3;12.7;13.4;12.8;16.2;11.6;8.4;9.9;11.5;16.4;22.9;28.0;23.2;12.1;5.9;;
J 02;7.4;10.5;12.6;16.0;18.7;18.5;18.9;18.7;15.2;13.1;13.5;14.0;13.2;17.0;12.7;9.3;11.1;12.7;17.6;23.4;27.0;23.3;12.8;6.8;;
V 03;7.9;12.2;14.6;18.8;20.5;20.2;20.5;19.3;15.7;13.4;13.8;14.6;14.0;17.4;13.4;9.3;10.5;11.1;14.4;22.8;26.6;21.7;11.2;3.0;;
S 04;1.8;0.0;1.3;9.0;10.2;10.0;11.2;12.9;18.9;19.9;17.8;17.7;15.2;17.4;15.5;7.2;7.3;6.9;14.7;24.6;25.3;14.5;8.1;1.9;;
D 05;0.0;1.8;4.0;4.5;4.5;5.7;11.3;15.8;18.4;17.5;12.3;14.7;13.5;16.9;16.4;11.8;10.9;10.9;15.6;26.7;28.1;19.1;9.4;2.3;;
L 06;0.7;5.0;14.5;18.9;20.1;20.8;19.7;18.7;12.6;10.3;11.3;11.8;11.2;14.3;10.0;7.0;8.6;9.5;14.9;22.1;27.7;21.3;9.3;3.6;;
M 07;7.0;10.0;12.0;15.7;19.5;19.9;19.7;19.0;14.6;12.2;12.7;13.5;13.0;16.9;12.4;8.9;10.3;11.8;16.7;23.3;26.5;23.2;11.9;5.4;;
X 08;6.8;9.9;12.3;16.0;19.5;19.7;19.2;19.1;14.7;12.3;12.7;13.4;12.8;16.2;11.6;8.4;9.9;11.5;16.4;22.9;28.0;23.2;12.1;5.9;;
J 09;7.4;10.5;12.6;16.0;18.7;18.5;18.9;18.7;15.2;13.1;13.5;14.0;13.2;17.0;12.7;9.3;11.1;12.7;17.6;23.4;27.0;23.3;12.8;6.8;;
V 10;7.9;12.2;14.6;18.8;20.5;20.2;20.5;19.3;15.7;13.4;13.8;14.6;14.0;17.4;13.4;9.3;10.5;11.1;14.4;22.8;26.6;21.7;11.2;3.0;;
S 11;1.8;0.0;1.3;9.0;10.2;10.0;11.2;12.9;18.9;19.9;17.8;17.7;15.2;17.4;15.5;7.2;7.3;6.9;14.7;24.6;25.3;14.5;8.1;1.9;;
D 12;0.0;0.0;0.0;0.0;0.0;1.9;5.8;9.4;12.1;11.9;6.8;7.8;7.1;9.2;8.1;3.7;5.0;5.6;10.6;20.0;20.4;10.6;5.9;3.0;;
L 13;0.7;5.0;14.5;18.9;20.1;20.8;19.7;18.7;12.6;10.3;11.3;11.8;11.2;14.3;10.0;7.0;8.6;9.5;14.9;22.1;27.7;21.3;9.3;3.6;;
M 14;7.0;10.0;12.0;15.7;19.5;19.9;19.7;19.0;14.6;12.2;12.7;13.5;13.0;16.9;12.4;8.9;10.3;11.8;16.7;23.3;26.5;23.2;11.9;5.4;;
X 15;6.8;9.9;12.3;16.0;19.5;19.7;19.2;19.1;14.7;12.3;12.7;13.4;12.8;16.2;11.6;8.4;9.9;11.5;16.4;22.9;28.0;23.2;12.1;5.9;;
J 16;7.4;10.5;12.6;16.0;18.7;18.5;18.9;18.7;15.2;13.1;13.5;14.0;13.2;17.0;12.7;9.3;11.1;12.7;17.6;23.4;27.0;23.3;12.8;6.8;;
V 17;7.9;12.2;14.6;18.8;20.5;20.2;20.5;19.3;15.7;13.4;13.8;14.6;14.0;17.4;13.4;9.3;10.5;11.1;14.4;22.8;26.6;21.7;11.2;3.0;;
S 18;1.8;0.0;1.3;9.0;10.2;10.0;11.2;12.9;18.9;19.9;17.8;17.7;15.2;17.4;15.5;7.2;7.3;6.9;14.7;24.6;25.3;14.5;8.1;1.9;;
D 19;0.0;1.8;4.0;4.5;4.5;5.7;11.3;15.8;18.4;17.5;12.3;14.7;13.5;16.9;16.4;11.8;10.9;10.9;15.6;26.7;28.1;19.1;9.4;2.3;;
L 20;0.7;5.0;14.5;18.9;20.1;20.8;19.7;18.7;12.6;10.3;11.3;11.8;11.2;14.3;10.0;7.0;8.6;9.5;14.9;22.1;27.7;21.3;9.3;3.6;;
M 21;7.0;10.0;12.0;15.7;19.5;19.9;19.7;19.0;14.6;12.2;12.7;13.5;13.0;16.9;12.4;8.9;10.3;11.8;16.7;23.3;26.5;23.2;11.9;5.4;;
X 22;6.8;9.9;12.3;16.0;19.5;19.7;19.2;19.1;14.7;12.3;12.7;13.4;12.8;16.2;11.6;8.4;9.9;11.5;16.4;22.9;28.0;23.2;12.1;5.9;;
J 23;7.4;10.5;12.6;16.0;18.7;18.5;18.9;18.7;15.2;13.1;13.5;14.0;13.2;17.0;12.7;9.3;11.1;12.7;17.6;23.4;27.0;23.3;12.8;6.8;;
V 24;7.9;12.2;14.6;18.8;20.5;20.2;20.5;19.3;15.7;13.4;13.8;14.6;14.0;17.4;13.4;9.3;10.5;11.1;14.4;22.8;26.6;21.7;11.2;3.0;;
S 25;1.8;0.0;1.3;9.0;10.2;10.0;11.2;12.9;18.9;19.9;17.8;17.7;15.2;17.4;15.5;7.2;7.3;6.9;14.7;24.6;25.3;14.5;8.1;1.9;;
D 26;0.0;1.8;4.0;4.5;4.5;5.7;11.3;15.8;18.4;17.5;12.3;14.7;13.5;16.9;16.4;11.8;10.9;10.9;15.6;26.7;28.1;19.1;9.4;2.3;1.9;
L 27;0.7;5.0;14.5;18.9;20.1;20.8;19.7;18.7;12.6;10.3;11.3;11.8;15.5;14.3;10.0;7.0;8.6;9.5;14.9;22.1;27.7;21.3;6.8;3.6;;
M 28;7.0;10.0;12.0;15.7;19.5;19.9;19.7;19.0;14.6;12.2;12.7;13.5;18.0;16.9;12.4;8.9;10.3;11.8;16.7;23.3;26.5;23.2;8.6;5.4;;
X 29;6.8;9.9;12.3;16.0;19.5;19.7;19.2;19.1;14.7;12.3;12.7;13.4;17.7;16.2;11.6;8.4;9.9;11.5;16.4;22.9;28.0;23.2;8.7;5.9;;
J 30;7.4;10.5;12.6;16.0;18.7;18.5;18.9;18.7;15.2;13.1;13.5;14.0;18.3;17.0;12.7;9.3;11.1;12.7;17.6;23.4;27.0;23.3;9.3;6.8;;
V 31;7.9;12.2;14.6;18.8;20.5;20.2;20.5;19.3;15.7;13.4;13.8;14.6;19.3;17.4;13.4;9.3;10.5;11.1;14.4;22.8;26.6;21.7;8.1;3.0;;
*
