perd30A;
2015;01;21;20;17;00;
X 01;6.8;9.9;12.3;16.0;19.5;19.7;19.2;19.1;20.1;16.8;17.4;19.1;18.3;16.7;12.0;8.3;9.8;11.4;16.2;22.6;27.6;22.9;11.9;8.1;;
J 02;7.4;10.5;12.6;16.0;18.7;18.5;18.9;18.7;20.8;17.8;18.4;20.0;18.9;17.6;13.1;9.2;11.0;12.6;17.3;23.0;26.6;23.0;12.6;9.3;;
V 03;7.9;12.2;14.6;18.8;20.5;20.2;20.5;19.3;21.5;18.2;18.8;20.9;20.0;18.0;13.8;9.2;10.4;11.0;14.2;22.5;26.2;21.4;11.0;4.1;;
S 04;1.8;0.0;1.3;9.0;10.2;10.0;11.2;12.9;25.8;27.1;24.3;25.2;21.7;18.0;16.0;7.1;7.2;6.8;14.5;24.3;24.9;14.3;8.0;2.6;;
D 05;0.0;1.8;4.0;4.5;4.5;5.7;11.3;15.8;25.1;23.9;16.8;21.1;19.2;17.5;17.0;11.6;10.8;10.7;15.4;26.3;27.7;18.9;9.2;3.2;;
L 06;0.7;5.0;14.5;18.9;20.1;20.8;19.7;18.7;17.3;14.0;15.5;16.9;16.0;14.8;10.3;6.9;8.5;9.4;14.7;21.8;27.4;21.0;9.2;4.9;;
M 07;7.0;10.0;12.0;15.7;19.5;19.9;19.7;19.0;19.9;16.7;17.4;19.3;18.6;17.4;12.8;8.8;10.1;11.6;16.4;22.9;26.2;22.9;11.7;7.4;;
X 08;6.8;9.9;12.3;16.0;19.5;19.7;19.2;19.1;20.1;16.8;17.4;19.1;18.3;16.7;12.0;8.3;9.8;11.4;16.2;22.6;27.6;22.9;11.9;8.1;;
J 09;7.4;10.5;12.6;16.0;18.7;18.5;18.9;18.7;20.8;17.8;18.4;20.0;18.9;17.6;13.1;9.2;11.0;12.6;17.3;23.0;26.6;23.0;12.6;9.3;;
V 10;7.9;12.2;14.6;18.8;20.5;20.2;20.5;19.3;21.5;18.2;18.8;20.9;20.0;18.0;13.8;9.2;10.4;11.0;14.2;22.5;26.2;21.4;11.0;4.1;;
S 11;1.8;0.0;1.3;9.0;10.2;10.0;11.2;12.9;25.8;27.1;24.3;25.2;21.7;18.0;16.0;7.1;7.2;6.8;14.5;24.3;24.9;14.3;8.0;2.6;;
D 12;0.0;0.0;0.0;0.0;0.0;1.9;5.8;9.4;16.5;16.2;9.3;11.2;10.1;9.5;8.4;3.6;4.9;5.5;10.5;19.7;20.2;10.5;5.8;4.1;;
L 13;0.7;5.0;14.5;18.9;20.1;20.8;19.7;18.7;17.3;14.0;15.5;16.9;16.0;14.8;10.3;6.9;8.5;9.4;14.7;21.8;27.4;21.0;9.2;4.9;;
M 14;7.0;10.0;12.0;15.7;19.5;19.9;19.7;19.0;19.9;16.7;17.4;19.3;18.6;17.4;12.8;8.8;10.1;11.6;16.4;22.9;26.2;22.9;11.7;7.4;;
X 15;6.8;9.9;12.3;16.0;19.5;19.7;19.2;19.1;20.1;16.8;17.4;19.1;18.3;16.7;12.0;8.3;9.8;11.4;16.2;22.6;27.6;22.9;11.9;8.1;;
J 16;7.4;10.5;12.6;16.0;18.7;18.5;18.9;18.7;20.8;17.8;18.4;20.0;18.9;17.6;13.1;9.2;11.0;12.6;17.3;23.0;26.6;23.0;12.6;9.3;;
V 17;7.9;12.2;14.6;18.8;20.5;20.2;20.5;19.3;21.5;18.2;18.8;20.9;20.0;18.0;13.8;9.2;10.4;11.0;14.2;22.5;26.2;21.4;11.0;4.1;;
S 18;1.8;0.0;1.3;9.0;10.2;10.0;11.2;12.9;25.8;27.1;24.3;25.2;21.7;18.0;16.0;7.1;7.2;6.8;14.5;24.3;24.9;14.3;8.0;2.6;;
D 19;0.0;1.8;4.0;4.5;4.5;5.7;11.3;15.8;25.1;23.9;16.8;21.1;19.2;17.5;17.0;11.6;10.8;10.7;15.4;26.3;27.7;18.9;9.2;3.2;;
L 20;0.7;5.0;14.5;18.9;20.1;20.8;19.7;18.7;17.3;14.0;15.5;16.9;16.0;14.8;10.3;6.9;8.5;9.4;14.7;21.8;27.4;21.0;9.2;4.9;;
M 21;7.0;10.0;12.0;15.7;19.5;19.9;19.7;19.0;19.9;16.7;17.4;19.3;18.6;17.4;12.8;8.8;10.1;11.6;16.4;22.9;26.2;22.9;11.7;7.4;;
X 22;6.8;9.9;12.3;16.0;19.5;19.7;19.2;19.1;20.1;16.8;17.4;19.1;18.3;16.7;12.0;8.3;9.8;11.4;16.2;22.6;27.6;22.9;11.9;8.1;;
J 23;7.4;10.5;12.6;16.0;18.7;18.5;18.9;18.7;20.8;17.8;18.4;20.0;18.9;17.6;13.1;9.2;11.0;12.6;17.3;23.0;26.6;23.0;12.6;9.3;;
V 24;7.9;12.2;14.6;18.8;20.5;20.2;20.5;19.3;21.5;18.2;18.8;20.9;20.0;18.0;13.8;9.2;10.4;11.0;14.2;22.5;26.2;21.4;11.0;4.1;;
S 25;1.8;0.0;1.3;9.0;10.2;10.0;11.2;12.9;25.8;27.1;24.3;25.2;21.7;18.0;16.0;7.1;7.2;6.8;14.5;24.3;24.9;14.3;8.0;2.6;;
D 26;0.0;1.8;4.0;4.5;4.5;5.7;11.3;15.8;18.4;23.9;16.8;20.1;18.4;16.7;16.2;11.6;10.8;10.7;15.4;27.6;29.0;19.8;9.7;3.2;2.6;
L 27;0.7;5.0;14.5;18.9;20.1;20.8;19.7;18.7;17.3;14.0;15.5;16.2;15.2;14.1;9.9;6.9;8.5;9.4;15.4;22.8;28.7;22.0;9.2;4.9;;
M 28;7.0;10.0;12.0;15.7;19.5;19.9;19.7;19.0;19.9;16.7;17.4;18.5;17.7;16.6;12.2;8.8;10.1;11.6;17.2;24.0;27.4;24.0;11.7;7.4;;
X 29;6.8;9.9;12.3;16.0;19.5;19.7;19.2;19.1;20.1;16.8;17.4;18.2;17.5;15.9;11.5;8.3;9.8;11.4;17.0;23.7;29.0;24.0;11.9;8.1;;
J 30;7.4;10.5;12.6;16.0;18.7;18.5;18.9;18.7;20.8;17.8;18.4;19.1;18.1;16.8;12.5;9.2;11.0;12.6;18.2;24.1;27.9;24.1;12.6;9.3;;
V 31;7.9;12.2;14.6;18.8;20.5;20.2;20.5;19.3;21.5;18.2;18.8;20.0;19.1;17.1;13.2;9.2;10.4;11.0;14.9;23.5;27.5;22.4;11.0;4.1;;
*
