perd20A;
2015;01;21;20;16;50;
X 01;8.9;12.9;16.1;20.9;25.6;25.8;25.2;25.0;19.3;16.1;16.7;17.5;16.7;15.3;11.0;7.9;9.4;10.9;15.6;21.7;26.5;22.0;11.4;7.7;;
J 02;9.7;13.7;16.4;20.9;24.4;24.3;24.7;24.5;19.9;17.1;17.6;18.3;17.3;16.1;12.0;8.8;10.5;12.0;16.6;22.1;25.5;22.0;12.1;9.0;;
V 03;10.4;15.9;19.1;24.6;26.8;26.5;26.9;25.2;20.6;17.5;18.0;19.1;18.3;16.4;12.6;8.8;9.9;10.5;13.6;21.5;25.2;20.5;10.6;3.9;;
S 04;2.3;0.0;1.7;11.8;13.4;13.1;14.6;16.8;24.7;26.0;23.3;23.1;19.9;16.5;14.6;6.8;6.9;6.6;13.9;23.3;23.9;13.7;7.6;2.5;;
D 05;0.0;2.4;5.2;5.9;5.8;7.5;14.7;20.7;24.1;23.0;16.1;19.3;17.6;16.0;15.5;11.1;10.3;10.3;14.8;25.3;26.6;18.1;8.9;3.0;;
L 06;1.0;6.6;18.9;24.7;26.3;27.2;25.7;24.5;16.5;13.4;14.8;15.5;14.6;13.6;9.5;6.6;8.1;9.0;14.1;20.9;26.2;20.2;8.8;4.7;;
M 07;9.1;13.1;15.8;20.5;25.5;26.0;25.7;24.9;19.1;16.0;16.7;17.7;17.0;15.9;11.7;8.4;9.7;11.2;15.8;22.0;25.1;21.9;11.2;7.1;;
X 08;8.9;12.9;16.1;20.9;25.6;25.8;25.2;25.0;19.3;16.1;16.7;17.5;16.7;15.3;11.0;7.9;9.4;10.9;15.6;21.7;26.5;22.0;11.4;7.7;;
J 09;9.7;13.7;16.4;20.9;24.4;24.3;24.7;24.5;19.9;17.1;17.6;18.3;17.3;16.1;12.0;8.8;10.5;12.0;16.6;22.1;25.5;22.0;12.1;9.0;;
V 10;10.4;15.9;19.1;24.6;26.8;26.5;26.9;25.2;20.6;17.5;18.0;19.1;18.3;16.4;12.6;8.8;9.9;10.5;13.6;21.5;25.2;20.5;10.6;3.9;;
S 11;2.3;0.0;1.7;11.8;13.4;13.1;14.6;16.8;24.7;26.0;23.3;23.1;19.9;16.5;14.6;6.8;6.9;6.6;13.9;23.3;23.9;13.7;7.6;2.5;;
D 12;0.0;0.0;0.0;0.0;0.0;2.5;7.6;12.2;15.8;15.5;9.0;10.3;9.3;8.7;7.7;3.5;4.7;5.3;10.0;18.9;19.3;10.0;5.6;3.9;;
L 13;1.0;6.6;18.9;24.7;26.3;27.2;25.7;24.5;16.5;13.4;14.8;15.5;14.6;13.6;9.5;6.6;8.1;9.0;14.1;20.9;26.2;20.2;8.8;4.7;;
M 14;9.1;13.1;15.8;20.5;25.5;26.0;25.7;24.9;19.1;16.0;16.7;17.7;17.0;15.9;11.7;8.4;9.7;11.2;15.8;22.0;25.1;21.9;11.2;7.1;;
X 15;8.9;12.9;16.1;20.9;25.6;25.8;25.2;25.0;19.3;16.1;16.7;17.5;16.7;15.3;11.0;7.9;9.4;10.9;15.6;21.7;26.5;22.0;11.4;7.7;;
J 16;9.7;13.7;16.4;20.9;24.4;24.3;24.7;24.5;19.9;17.1;17.6;18.3;17.3;16.1;12.0;8.8;10.5;12.0;16.6;22.1;25.5;22.0;12.1;9.0;;
V 17;10.4;15.9;19.1;24.6;26.8;26.5;26.9;25.2;20.6;17.5;18.0;19.1;18.3;16.4;12.6;8.8;9.9;10.5;13.6;21.5;25.2;20.5;10.6;3.9;;
S 18;2.3;0.0;1.7;11.8;13.4;13.1;14.6;16.8;24.7;26.0;23.3;23.1;19.9;16.5;14.6;6.8;6.9;6.6;13.9;23.3;23.9;13.7;7.6;2.5;;
D 19;0.0;2.4;5.2;5.9;5.8;7.5;14.7;20.7;24.1;23.0;16.1;19.3;17.6;16.0;15.5;11.1;10.3;10.3;14.8;25.3;26.6;18.1;8.9;3.0;;
L 20;1.0;6.6;18.9;24.7;26.3;27.2;25.7;24.5;16.5;13.4;14.8;15.5;14.6;13.6;9.5;6.6;8.1;9.0;14.1;20.9;26.2;20.2;8.8;4.7;;
M 21;9.1;13.1;15.8;20.5;25.5;26.0;25.7;24.9;19.1;16.0;16.7;17.7;17.0;15.9;11.7;8.4;9.7;11.2;15.8;22.0;25.1;21.9;11.2;7.1;;
X 22;8.9;12.9;16.1;20.9;25.6;25.8;25.2;25.0;19.3;16.1;16.7;17.5;16.7;15.3;11.0;7.9;9.4;10.9;15.6;21.7;26.5;22.0;11.4;7.7;;
J 23;9.7;13.7;16.4;20.9;24.4;24.3;24.7;24.5;19.9;17.1;17.6;18.3;17.3;16.1;12.0;8.8;10.5;12.0;16.6;22.1;25.5;22.0;12.1;9.0;;
V 24;10.4;15.9;19.1;24.6;26.8;26.5;26.9;25.2;20.6;17.5;18.0;19.1;18.3;16.4;12.6;8.8;9.9;10.5;13.6;21.5;25.2;20.5;10.6;3.9;;
S 25;2.3;0.0;1.7;11.8;13.4;13.1;14.6;16.8;24.7;26.0;23.3;23.1;19.9;16.5;14.6;6.8;6.9;6.6;13.9;23.3;23.9;13.7;7.6;2.5;;
D 26;0.0;2.4;5.2;5.9;5.8;7.5;14.7;20.7;24.1;23.0;16.1;19.3;17.6;16.0;15.5;11.1;10.3;10.3;14.8;25.3;26.6;18.1;8.9;3.0;2.5;
L 27;1.0;6.6;18.9;24.7;26.3;27.2;25.7;24.5;16.5;13.4;14.8;15.5;14.6;13.6;9.5;6.6;8.1;9.0;14.1;20.9;26.2;20.2;8.8;4.7;;
M 28;9.1;13.1;15.8;20.5;25.5;26.0;25.7;24.9;19.1;16.0;16.7;17.7;17.0;15.9;11.7;8.4;9.7;11.2;15.8;22.0;25.1;21.9;11.2;7.1;;
X 29;8.9;12.9;16.1;20.9;25.6;25.8;25.2;25.0;19.3;16.1;16.7;17.5;16.7;15.3;11.0;7.9;9.4;10.9;15.6;21.7;26.5;22.0;11.4;7.7;;
J 30;9.7;13.7;16.4;20.9;24.4;24.3;24.7;24.5;19.9;17.1;17.6;18.3;17.3;16.1;12.0;8.8;10.5;12.0;16.6;22.1;25.5;22.0;12.1;9.0;;
V 31;10.4;15.9;19.1;24.6;26.8;26.5;26.9;25.2;20.6;17.5;18.0;19.1;18.3;16.4;12.6;8.8;9.9;10.5;13.6;21.5;25.2;20.5;10.6;3.9;;
*
