perd20HS;
2015;01;21;20;16;53;
X 01;9.1;7.9;9.9;12.8;15.7;15.8;15.5;25.7;19.8;16.6;17.1;18.0;17.2;16.2;11.6;8.4;9.9;11.5;16.4;22.9;28.0;23.2;12.1;8.0;;
J 02;10.0;8.4;10.1;12.8;15.0;14.9;15.2;25.2;20.5;17.6;18.1;18.9;17.8;17.0;12.7;9.3;11.1;12.7;17.6;23.4;27.0;23.3;12.8;9.2;;
V 03;10.7;9.8;11.7;15.1;16.5;16.3;16.5;25.9;21.2;18.0;18.5;19.7;18.8;17.4;13.4;9.3;10.5;11.1;14.4;22.8;26.6;21.7;11.2;4.0;;
S 04;2.4;0.0;1.0;7.2;8.2;8.0;9.0;17.3;25.4;26.8;24.0;23.8;20.5;17.4;15.5;7.2;7.3;6.9;14.7;24.6;25.3;14.5;8.1;2.6;;
D 05;0.0;1.4;3.2;3.6;3.6;4.6;9.0;21.3;24.7;23.6;16.6;19.8;18.1;16.9;16.4;11.8;10.9;10.9;15.6;26.7;28.1;19.1;9.4;3.1;;
L 06;1.0;4.1;11.6;15.2;16.2;16.7;15.8;25.2;17.0;13.8;15.3;15.9;15.0;14.3;10.0;7.0;8.6;9.5;14.9;22.1;27.7;21.3;9.3;4.8;;
M 07;9.4;8.0;9.7;12.6;15.7;16.0;15.8;25.6;19.6;16.5;17.2;18.2;17.5;16.9;12.4;8.9;10.3;11.8;16.7;23.3;26.5;23.2;11.9;7.3;;
X 08;9.1;7.9;9.9;12.8;15.7;15.8;15.5;25.7;19.8;16.6;17.1;18.0;17.2;16.2;11.6;8.4;9.9;11.5;16.4;22.9;28.0;23.2;12.1;8.0;;
J 09;10.0;8.4;10.1;12.8;15.0;14.9;15.2;25.2;20.5;17.6;18.1;18.9;17.8;17.0;12.7;9.3;11.1;12.7;17.6;23.4;27.0;23.3;12.8;9.2;;
V 10;10.7;9.8;11.7;15.1;16.5;16.3;16.5;25.9;21.2;18.0;18.5;19.7;18.8;17.4;13.4;9.3;10.5;11.1;14.4;22.8;26.6;21.7;11.2;4.0;;
S 11;2.4;0.0;1.0;7.2;8.2;8.0;9.0;17.3;25.4;26.8;24.0;23.8;20.5;17.4;15.5;7.2;7.3;6.9;14.7;24.6;25.3;14.5;8.1;2.6;;
D 12;0.0;0.0;0.0;0.0;0.0;1.5;4.7;12.6;16.3;16.0;9.2;10.6;9.5;9.2;8.1;3.7;5.0;5.6;10.6;20.0;20.4;10.6;5.9;4.0;;
L 13;1.0;4.1;11.6;15.2;16.2;16.7;15.8;25.2;17.0;13.8;15.3;15.9;15.0;14.3;10.0;7.0;8.6;9.5;14.9;22.1;27.7;21.3;9.3;4.8;;
M 14;9.4;8.0;9.7;12.6;15.7;16.0;15.8;25.6;19.6;16.5;17.2;18.2;17.5;16.9;12.4;8.9;10.3;11.8;16.7;23.3;26.5;23.2;11.9;7.3;;
X 15;9.1;7.9;9.9;12.8;15.7;15.8;15.5;25.7;19.8;16.6;17.1;18.0;17.2;16.2;11.6;8.4;9.9;11.5;16.4;22.9;28.0;23.2;12.1;8.0;;
J 16;10.0;8.4;10.1;12.8;15.0;14.9;15.2;25.2;20.5;17.6;18.1;18.9;17.8;17.0;12.7;9.3;11.1;12.7;17.6;23.4;27.0;23.3;12.8;9.2;;
V 17;10.7;9.8;11.7;15.1;16.5;16.3;16.5;25.9;21.2;18.0;18.5;19.7;18.8;17.4;13.4;9.3;10.5;11.1;14.4;22.8;26.6;21.7;11.2;4.0;;
S 18;2.4;0.0;1.0;7.2;8.2;8.0;9.0;17.3;25.4;26.8;24.0;23.8;20.5;17.4;15.5;7.2;7.3;6.9;14.7;24.6;25.3;14.5;8.1;2.6;;
D 19;0.0;1.4;3.2;3.6;3.6;4.6;9.0;21.3;24.7;23.6;16.6;19.8;18.1;16.9;16.4;11.8;10.9;10.9;15.6;26.7;28.1;19.1;9.4;3.1;;
L 20;1.0;4.1;11.6;15.2;16.2;16.7;15.8;25.2;17.0;13.8;15.3;15.9;15.0;14.3;10.0;7.0;8.6;9.5;14.9;22.1;27.7;21.3;9.3;4.8;;
M 21;9.4;8.0;9.7;12.6;15.7;16.0;15.8;25.6;19.6;16.5;17.2;18.2;17.5;16.9;12.4;8.9;10.3;11.8;16.7;23.3;26.5;23.2;11.9;7.3;;
X 22;9.1;7.9;9.9;12.8;15.7;15.8;15.5;25.7;19.8;16.6;17.1;18.0;17.2;16.2;11.6;8.4;9.9;11.5;16.4;22.9;28.0;23.2;12.1;8.0;;
J 23;10.0;8.4;10.1;12.8;15.0;14.9;15.2;25.2;20.5;17.6;18.1;18.9;17.8;17.0;12.7;9.3;11.1;12.7;17.6;23.4;27.0;23.3;12.8;9.2;;
V 24;10.7;9.8;11.7;15.1;16.5;16.3;16.5;25.9;21.2;18.0;18.5;19.7;18.8;17.4;13.4;9.3;10.5;11.1;14.4;22.8;26.6;21.7;11.2;4.0;;
S 25;2.4;0.0;1.0;7.2;8.2;8.0;9.0;17.3;25.4;26.8;24.0;23.8;20.5;17.4;15.5;7.2;7.3;6.9;14.7;24.6;25.3;14.5;8.1;2.6;;
D 26;0.0;1.4;3.2;3.6;3.6;4.6;9.0;12.7;24.7;23.6;16.6;19.8;18.1;16.5;16.4;11.8;10.9;10.9;15.6;26.7;28.1;19.1;9.4;3.2;2.6;
L 27;1.0;4.1;11.6;15.2;16.2;16.7;15.8;25.2;17.0;13.8;15.3;15.9;15.0;14.3;10.0;7.0;8.6;9.5;14.9;22.1;27.7;21.3;9.3;4.8;;
M 28;9.4;8.0;9.7;12.6;15.7;16.0;15.8;25.6;19.6;16.5;17.2;18.2;17.5;16.9;12.4;8.9;10.3;11.8;16.7;23.3;26.5;23.2;11.9;7.3;;
X 29;9.1;7.9;9.9;12.8;15.7;15.8;15.5;25.7;19.8;16.6;17.1;18.0;17.2;16.2;11.6;8.4;9.9;11.5;16.4;22.9;28.0;23.2;12.1;8.0;;
J 30;10.0;8.4;10.1;12.8;15.0;14.9;15.2;25.2;20.5;17.6;18.1;18.9;17.8;17.0;12.7;9.3;11.1;12.7;17.6;23.4;27.0;23.3;12.8;9.2;;
V 31;10.7;9.8;11.7;15.1;16.5;16.3;16.5;25.9;21.2;18.0;18.5;19.7;18.8;17.4;13.4;9.3;10.5;11.1;14.4;22.8;26.6;21.7;11.2;4.0;;
*
